# half_pi = 1.5707963267948966
# meters
# radius

transform:
  x: 0.0
  y: 0.0
  z: 0.475
  roll: 1.5707963267948966
  pitch: 0.0
  yaw: 0
